{
 "cells": [
  {
   "cell_type": "code",
   "execution_count": 1,
   "metadata": {
    "collapsed": true
   },
   "outputs": [],
   "source": [
    "import pandas as pd"
   ]
  },
  {
   "cell_type": "code",
   "execution_count": 10,
   "metadata": {},
   "outputs": [
    {
     "data": {
      "text/html": [
       "<div>\n",
       "<style>\n",
       "    .dataframe thead tr:only-child th {\n",
       "        text-align: right;\n",
       "    }\n",
       "\n",
       "    .dataframe thead th {\n",
       "        text-align: left;\n",
       "    }\n",
       "\n",
       "    .dataframe tbody tr th {\n",
       "        vertical-align: top;\n",
       "    }\n",
       "</style>\n",
       "<table border=\"1\" class=\"dataframe\">\n",
       "  <thead>\n",
       "    <tr style=\"text-align: right;\">\n",
       "      <th></th>\n",
       "      <th>A</th>\n",
       "      <th>C</th>\n",
       "      <th>D</th>\n",
       "      <th>E</th>\n",
       "      <th>F</th>\n",
       "      <th>G</th>\n",
       "      <th>H</th>\n",
       "      <th>I</th>\n",
       "      <th>K</th>\n",
       "      <th>L</th>\n",
       "      <th>M</th>\n",
       "      <th>N</th>\n",
       "      <th>P</th>\n",
       "      <th>Q</th>\n",
       "      <th>R</th>\n",
       "      <th>S</th>\n",
       "      <th>T</th>\n",
       "      <th>V</th>\n",
       "      <th>W</th>\n",
       "      <th>Y</th>\n",
       "    </tr>\n",
       "  </thead>\n",
       "  <tbody>\n",
       "    <tr>\n",
       "      <th>A</th>\n",
       "      <td>0.322860</td>\n",
       "      <td>0.011375</td>\n",
       "      <td>-0.015624</td>\n",
       "      <td>-0.002600</td>\n",
       "      <td>-0.050879</td>\n",
       "      <td>0.038268</td>\n",
       "      <td>-0.083254</td>\n",
       "      <td>-0.001967</td>\n",
       "      <td>-0.010373</td>\n",
       "      <td>-0.042394</td>\n",
       "      <td>-0.065104</td>\n",
       "      <td>-0.085370</td>\n",
       "      <td>0.075741</td>\n",
       "      <td>-0.048315</td>\n",
       "      <td>-0.013643</td>\n",
       "      <td>0.038455</td>\n",
       "      <td>0.052038</td>\n",
       "      <td>0.081101</td>\n",
       "      <td>-0.125565</td>\n",
       "      <td>-0.074750</td>\n",
       "    </tr>\n",
       "    <tr>\n",
       "      <th>C</th>\n",
       "      <td>0.011375</td>\n",
       "      <td>0.100680</td>\n",
       "      <td>0.010295</td>\n",
       "      <td>0.014757</td>\n",
       "      <td>0.034579</td>\n",
       "      <td>0.009335</td>\n",
       "      <td>-0.007501</td>\n",
       "      <td>0.004760</td>\n",
       "      <td>-0.045924</td>\n",
       "      <td>-0.018300</td>\n",
       "      <td>-0.015597</td>\n",
       "      <td>0.002113</td>\n",
       "      <td>-0.008608</td>\n",
       "      <td>-0.030990</td>\n",
       "      <td>-0.048256</td>\n",
       "      <td>-0.021797</td>\n",
       "      <td>-0.022732</td>\n",
       "      <td>-0.015428</td>\n",
       "      <td>0.041233</td>\n",
       "      <td>0.006006</td>\n",
       "    </tr>\n",
       "    <tr>\n",
       "      <th>D</th>\n",
       "      <td>-0.015624</td>\n",
       "      <td>0.010295</td>\n",
       "      <td>0.157208</td>\n",
       "      <td>0.072428</td>\n",
       "      <td>-0.018955</td>\n",
       "      <td>-0.008704</td>\n",
       "      <td>-0.018019</td>\n",
       "      <td>-0.028347</td>\n",
       "      <td>-0.063424</td>\n",
       "      <td>-0.027998</td>\n",
       "      <td>-0.024119</td>\n",
       "      <td>0.019431</td>\n",
       "      <td>0.042784</td>\n",
       "      <td>0.000437</td>\n",
       "      <td>-0.059127</td>\n",
       "      <td>-0.010466</td>\n",
       "      <td>0.006561</td>\n",
       "      <td>-0.019356</td>\n",
       "      <td>0.004151</td>\n",
       "      <td>-0.019158</td>\n",
       "    </tr>\n",
       "    <tr>\n",
       "      <th>E</th>\n",
       "      <td>-0.002600</td>\n",
       "      <td>0.014757</td>\n",
       "      <td>0.072428</td>\n",
       "      <td>0.131775</td>\n",
       "      <td>-0.005191</td>\n",
       "      <td>-0.005478</td>\n",
       "      <td>-0.033560</td>\n",
       "      <td>-0.013542</td>\n",
       "      <td>-0.069472</td>\n",
       "      <td>0.003538</td>\n",
       "      <td>-0.017167</td>\n",
       "      <td>0.005341</td>\n",
       "      <td>0.022590</td>\n",
       "      <td>0.028140</td>\n",
       "      <td>-0.069740</td>\n",
       "      <td>-0.017236</td>\n",
       "      <td>-0.005483</td>\n",
       "      <td>-0.008063</td>\n",
       "      <td>-0.007920</td>\n",
       "      <td>-0.023119</td>\n",
       "    </tr>\n",
       "    <tr>\n",
       "      <th>F</th>\n",
       "      <td>-0.050879</td>\n",
       "      <td>0.034579</td>\n",
       "      <td>-0.018955</td>\n",
       "      <td>-0.005191</td>\n",
       "      <td>0.259180</td>\n",
       "      <td>-0.004451</td>\n",
       "      <td>-0.006397</td>\n",
       "      <td>0.062872</td>\n",
       "      <td>-0.049227</td>\n",
       "      <td>0.048867</td>\n",
       "      <td>0.031535</td>\n",
       "      <td>-0.022359</td>\n",
       "      <td>-0.091973</td>\n",
       "      <td>-0.093019</td>\n",
       "      <td>-0.062630</td>\n",
       "      <td>-0.086842</td>\n",
       "      <td>-0.077729</td>\n",
       "      <td>-0.015795</td>\n",
       "      <td>0.062596</td>\n",
       "      <td>0.085819</td>\n",
       "    </tr>\n",
       "    <tr>\n",
       "      <th>G</th>\n",
       "      <td>0.038268</td>\n",
       "      <td>0.009335</td>\n",
       "      <td>-0.008704</td>\n",
       "      <td>-0.005478</td>\n",
       "      <td>-0.004451</td>\n",
       "      <td>0.122500</td>\n",
       "      <td>-0.025558</td>\n",
       "      <td>-0.020703</td>\n",
       "      <td>-0.013732</td>\n",
       "      <td>-0.032642</td>\n",
       "      <td>-0.026422</td>\n",
       "      <td>-0.004038</td>\n",
       "      <td>0.009435</td>\n",
       "      <td>0.004253</td>\n",
       "      <td>-0.023228</td>\n",
       "      <td>0.030431</td>\n",
       "      <td>0.008619</td>\n",
       "      <td>-0.012722</td>\n",
       "      <td>-0.024654</td>\n",
       "      <td>-0.020509</td>\n",
       "    </tr>\n",
       "    <tr>\n",
       "      <th>H</th>\n",
       "      <td>-0.083254</td>\n",
       "      <td>-0.007501</td>\n",
       "      <td>-0.018019</td>\n",
       "      <td>-0.033560</td>\n",
       "      <td>-0.006397</td>\n",
       "      <td>-0.025558</td>\n",
       "      <td>0.207658</td>\n",
       "      <td>-0.088851</td>\n",
       "      <td>0.076145</td>\n",
       "      <td>-0.035173</td>\n",
       "      <td>-0.000760</td>\n",
       "      <td>0.035390</td>\n",
       "      <td>-0.068209</td>\n",
       "      <td>-0.008865</td>\n",
       "      <td>0.109053</td>\n",
       "      <td>0.009382</td>\n",
       "      <td>-0.023412</td>\n",
       "      <td>-0.087019</td>\n",
       "      <td>0.012362</td>\n",
       "      <td>0.036588</td>\n",
       "    </tr>\n",
       "    <tr>\n",
       "      <th>I</th>\n",
       "      <td>-0.001967</td>\n",
       "      <td>0.004760</td>\n",
       "      <td>-0.028347</td>\n",
       "      <td>-0.013542</td>\n",
       "      <td>0.062872</td>\n",
       "      <td>-0.020703</td>\n",
       "      <td>-0.088851</td>\n",
       "      <td>0.277732</td>\n",
       "      <td>-0.038164</td>\n",
       "      <td>0.088611</td>\n",
       "      <td>0.055129</td>\n",
       "      <td>-0.059369</td>\n",
       "      <td>-0.039207</td>\n",
       "      <td>-0.062688</td>\n",
       "      <td>-0.110160</td>\n",
       "      <td>-0.061808</td>\n",
       "      <td>-0.033923</td>\n",
       "      <td>0.091300</td>\n",
       "      <td>0.001385</td>\n",
       "      <td>-0.023060</td>\n",
       "    </tr>\n",
       "    <tr>\n",
       "      <th>K</th>\n",
       "      <td>-0.010373</td>\n",
       "      <td>-0.045924</td>\n",
       "      <td>-0.063424</td>\n",
       "      <td>-0.069472</td>\n",
       "      <td>-0.049227</td>\n",
       "      <td>-0.013732</td>\n",
       "      <td>0.076145</td>\n",
       "      <td>-0.038164</td>\n",
       "      <td>0.273356</td>\n",
       "      <td>-0.017728</td>\n",
       "      <td>-0.008173</td>\n",
       "      <td>-0.033985</td>\n",
       "      <td>-0.048402</td>\n",
       "      <td>-0.033160</td>\n",
       "      <td>0.215165</td>\n",
       "      <td>0.004767</td>\n",
       "      <td>-0.033132</td>\n",
       "      <td>-0.040037</td>\n",
       "      <td>-0.059852</td>\n",
       "      <td>-0.004648</td>\n",
       "    </tr>\n",
       "    <tr>\n",
       "      <th>L</th>\n",
       "      <td>-0.042394</td>\n",
       "      <td>-0.018300</td>\n",
       "      <td>-0.027998</td>\n",
       "      <td>0.003538</td>\n",
       "      <td>0.048867</td>\n",
       "      <td>-0.032642</td>\n",
       "      <td>-0.035173</td>\n",
       "      <td>0.088611</td>\n",
       "      <td>-0.017728</td>\n",
       "      <td>0.162738</td>\n",
       "      <td>0.075053</td>\n",
       "      <td>-0.011167</td>\n",
       "      <td>-0.051024</td>\n",
       "      <td>-0.001340</td>\n",
       "      <td>-0.074935</td>\n",
       "      <td>-0.058496</td>\n",
       "      <td>-0.031312</td>\n",
       "      <td>0.044968</td>\n",
       "      <td>-0.007546</td>\n",
       "      <td>-0.013722</td>\n",
       "    </tr>\n",
       "    <tr>\n",
       "      <th>M</th>\n",
       "      <td>-0.065104</td>\n",
       "      <td>-0.015597</td>\n",
       "      <td>-0.024119</td>\n",
       "      <td>-0.017167</td>\n",
       "      <td>0.031535</td>\n",
       "      <td>-0.026422</td>\n",
       "      <td>-0.000760</td>\n",
       "      <td>0.055129</td>\n",
       "      <td>-0.008173</td>\n",
       "      <td>0.075053</td>\n",
       "      <td>0.156957</td>\n",
       "      <td>0.007538</td>\n",
       "      <td>-0.091648</td>\n",
       "      <td>0.001902</td>\n",
       "      <td>-0.025702</td>\n",
       "      <td>-0.029535</td>\n",
       "      <td>-0.045482</td>\n",
       "      <td>-0.012031</td>\n",
       "      <td>0.021004</td>\n",
       "      <td>0.012620</td>\n",
       "    </tr>\n",
       "    <tr>\n",
       "      <th>N</th>\n",
       "      <td>-0.085370</td>\n",
       "      <td>0.002113</td>\n",
       "      <td>0.019431</td>\n",
       "      <td>0.005341</td>\n",
       "      <td>-0.022359</td>\n",
       "      <td>-0.004038</td>\n",
       "      <td>0.035390</td>\n",
       "      <td>-0.059369</td>\n",
       "      <td>-0.033985</td>\n",
       "      <td>-0.011167</td>\n",
       "      <td>0.007538</td>\n",
       "      <td>0.151487</td>\n",
       "      <td>-0.010608</td>\n",
       "      <td>0.041397</td>\n",
       "      <td>-0.033833</td>\n",
       "      <td>0.017082</td>\n",
       "      <td>-0.002952</td>\n",
       "      <td>-0.043681</td>\n",
       "      <td>0.029641</td>\n",
       "      <td>-0.002058</td>\n",
       "    </tr>\n",
       "    <tr>\n",
       "      <th>P</th>\n",
       "      <td>0.075741</td>\n",
       "      <td>-0.008608</td>\n",
       "      <td>0.042784</td>\n",
       "      <td>0.022590</td>\n",
       "      <td>-0.091973</td>\n",
       "      <td>0.009435</td>\n",
       "      <td>-0.068209</td>\n",
       "      <td>-0.039207</td>\n",
       "      <td>-0.048402</td>\n",
       "      <td>-0.051024</td>\n",
       "      <td>-0.091648</td>\n",
       "      <td>-0.010608</td>\n",
       "      <td>0.354630</td>\n",
       "      <td>0.048150</td>\n",
       "      <td>-0.037714</td>\n",
       "      <td>-0.006872</td>\n",
       "      <td>0.019918</td>\n",
       "      <td>0.022529</td>\n",
       "      <td>-0.052507</td>\n",
       "      <td>-0.089006</td>\n",
       "    </tr>\n",
       "    <tr>\n",
       "      <th>Q</th>\n",
       "      <td>-0.048315</td>\n",
       "      <td>-0.030990</td>\n",
       "      <td>0.000437</td>\n",
       "      <td>0.028140</td>\n",
       "      <td>-0.093019</td>\n",
       "      <td>0.004253</td>\n",
       "      <td>-0.008865</td>\n",
       "      <td>-0.062688</td>\n",
       "      <td>-0.033160</td>\n",
       "      <td>-0.001340</td>\n",
       "      <td>0.001902</td>\n",
       "      <td>0.041397</td>\n",
       "      <td>0.048150</td>\n",
       "      <td>0.177175</td>\n",
       "      <td>0.007156</td>\n",
       "      <td>0.035724</td>\n",
       "      <td>0.027468</td>\n",
       "      <td>-0.032781</td>\n",
       "      <td>-0.011897</td>\n",
       "      <td>-0.048747</td>\n",
       "    </tr>\n",
       "    <tr>\n",
       "      <th>R</th>\n",
       "      <td>-0.013643</td>\n",
       "      <td>-0.048256</td>\n",
       "      <td>-0.059127</td>\n",
       "      <td>-0.069740</td>\n",
       "      <td>-0.062630</td>\n",
       "      <td>-0.023228</td>\n",
       "      <td>0.109053</td>\n",
       "      <td>-0.110160</td>\n",
       "      <td>0.215165</td>\n",
       "      <td>-0.074935</td>\n",
       "      <td>-0.025702</td>\n",
       "      <td>-0.033833</td>\n",
       "      <td>-0.037714</td>\n",
       "      <td>0.007156</td>\n",
       "      <td>0.389022</td>\n",
       "      <td>0.020429</td>\n",
       "      <td>-0.040867</td>\n",
       "      <td>-0.093499</td>\n",
       "      <td>-0.055763</td>\n",
       "      <td>0.008271</td>\n",
       "    </tr>\n",
       "    <tr>\n",
       "      <th>S</th>\n",
       "      <td>0.038455</td>\n",
       "      <td>-0.021797</td>\n",
       "      <td>-0.010466</td>\n",
       "      <td>-0.017236</td>\n",
       "      <td>-0.086842</td>\n",
       "      <td>0.030431</td>\n",
       "      <td>0.009382</td>\n",
       "      <td>-0.061808</td>\n",
       "      <td>0.004767</td>\n",
       "      <td>-0.058496</td>\n",
       "      <td>-0.029535</td>\n",
       "      <td>0.017082</td>\n",
       "      <td>-0.006872</td>\n",
       "      <td>0.035724</td>\n",
       "      <td>0.020429</td>\n",
       "      <td>0.161574</td>\n",
       "      <td>0.083926</td>\n",
       "      <td>-0.008162</td>\n",
       "      <td>-0.044433</td>\n",
       "      <td>-0.056124</td>\n",
       "    </tr>\n",
       "    <tr>\n",
       "      <th>T</th>\n",
       "      <td>0.052038</td>\n",
       "      <td>-0.022732</td>\n",
       "      <td>0.006561</td>\n",
       "      <td>-0.005483</td>\n",
       "      <td>-0.077729</td>\n",
       "      <td>0.008619</td>\n",
       "      <td>-0.023412</td>\n",
       "      <td>-0.033923</td>\n",
       "      <td>-0.033132</td>\n",
       "      <td>-0.031312</td>\n",
       "      <td>-0.045482</td>\n",
       "      <td>-0.002952</td>\n",
       "      <td>0.019918</td>\n",
       "      <td>0.027468</td>\n",
       "      <td>-0.040867</td>\n",
       "      <td>0.083926</td>\n",
       "      <td>0.142526</td>\n",
       "      <td>0.049324</td>\n",
       "      <td>-0.026493</td>\n",
       "      <td>-0.046862</td>\n",
       "    </tr>\n",
       "    <tr>\n",
       "      <th>V</th>\n",
       "      <td>0.081101</td>\n",
       "      <td>-0.015428</td>\n",
       "      <td>-0.019356</td>\n",
       "      <td>-0.008063</td>\n",
       "      <td>-0.015795</td>\n",
       "      <td>-0.012722</td>\n",
       "      <td>-0.087019</td>\n",
       "      <td>0.091300</td>\n",
       "      <td>-0.040037</td>\n",
       "      <td>0.044968</td>\n",
       "      <td>-0.012031</td>\n",
       "      <td>-0.043681</td>\n",
       "      <td>0.022529</td>\n",
       "      <td>-0.032781</td>\n",
       "      <td>-0.093499</td>\n",
       "      <td>-0.008162</td>\n",
       "      <td>0.049324</td>\n",
       "      <td>0.172778</td>\n",
       "      <td>-0.028945</td>\n",
       "      <td>-0.044485</td>\n",
       "    </tr>\n",
       "    <tr>\n",
       "      <th>W</th>\n",
       "      <td>-0.125565</td>\n",
       "      <td>0.041233</td>\n",
       "      <td>0.004151</td>\n",
       "      <td>-0.007920</td>\n",
       "      <td>0.062596</td>\n",
       "      <td>-0.024654</td>\n",
       "      <td>0.012362</td>\n",
       "      <td>0.001385</td>\n",
       "      <td>-0.059852</td>\n",
       "      <td>-0.007546</td>\n",
       "      <td>0.021004</td>\n",
       "      <td>0.029641</td>\n",
       "      <td>-0.052507</td>\n",
       "      <td>-0.011897</td>\n",
       "      <td>-0.055763</td>\n",
       "      <td>-0.044433</td>\n",
       "      <td>-0.026493</td>\n",
       "      <td>-0.028945</td>\n",
       "      <td>0.194048</td>\n",
       "      <td>0.079154</td>\n",
       "    </tr>\n",
       "    <tr>\n",
       "      <th>Y</th>\n",
       "      <td>-0.074750</td>\n",
       "      <td>0.006006</td>\n",
       "      <td>-0.019158</td>\n",
       "      <td>-0.023119</td>\n",
       "      <td>0.085819</td>\n",
       "      <td>-0.020509</td>\n",
       "      <td>0.036588</td>\n",
       "      <td>-0.023060</td>\n",
       "      <td>-0.004648</td>\n",
       "      <td>-0.013722</td>\n",
       "      <td>0.012620</td>\n",
       "      <td>-0.002058</td>\n",
       "      <td>-0.089006</td>\n",
       "      <td>-0.048747</td>\n",
       "      <td>0.008271</td>\n",
       "      <td>-0.056124</td>\n",
       "      <td>-0.046862</td>\n",
       "      <td>-0.044485</td>\n",
       "      <td>0.079154</td>\n",
       "      <td>0.237788</td>\n",
       "    </tr>\n",
       "  </tbody>\n",
       "</table>\n",
       "</div>"
      ],
      "text/plain": [
       "          A         C         D         E         F         G         H  \\\n",
       "A  0.322860  0.011375 -0.015624 -0.002600 -0.050879  0.038268 -0.083254   \n",
       "C  0.011375  0.100680  0.010295  0.014757  0.034579  0.009335 -0.007501   \n",
       "D -0.015624  0.010295  0.157208  0.072428 -0.018955 -0.008704 -0.018019   \n",
       "E -0.002600  0.014757  0.072428  0.131775 -0.005191 -0.005478 -0.033560   \n",
       "F -0.050879  0.034579 -0.018955 -0.005191  0.259180 -0.004451 -0.006397   \n",
       "G  0.038268  0.009335 -0.008704 -0.005478 -0.004451  0.122500 -0.025558   \n",
       "H -0.083254 -0.007501 -0.018019 -0.033560 -0.006397 -0.025558  0.207658   \n",
       "I -0.001967  0.004760 -0.028347 -0.013542  0.062872 -0.020703 -0.088851   \n",
       "K -0.010373 -0.045924 -0.063424 -0.069472 -0.049227 -0.013732  0.076145   \n",
       "L -0.042394 -0.018300 -0.027998  0.003538  0.048867 -0.032642 -0.035173   \n",
       "M -0.065104 -0.015597 -0.024119 -0.017167  0.031535 -0.026422 -0.000760   \n",
       "N -0.085370  0.002113  0.019431  0.005341 -0.022359 -0.004038  0.035390   \n",
       "P  0.075741 -0.008608  0.042784  0.022590 -0.091973  0.009435 -0.068209   \n",
       "Q -0.048315 -0.030990  0.000437  0.028140 -0.093019  0.004253 -0.008865   \n",
       "R -0.013643 -0.048256 -0.059127 -0.069740 -0.062630 -0.023228  0.109053   \n",
       "S  0.038455 -0.021797 -0.010466 -0.017236 -0.086842  0.030431  0.009382   \n",
       "T  0.052038 -0.022732  0.006561 -0.005483 -0.077729  0.008619 -0.023412   \n",
       "V  0.081101 -0.015428 -0.019356 -0.008063 -0.015795 -0.012722 -0.087019   \n",
       "W -0.125565  0.041233  0.004151 -0.007920  0.062596 -0.024654  0.012362   \n",
       "Y -0.074750  0.006006 -0.019158 -0.023119  0.085819 -0.020509  0.036588   \n",
       "\n",
       "          I         K         L         M         N         P         Q  \\\n",
       "A -0.001967 -0.010373 -0.042394 -0.065104 -0.085370  0.075741 -0.048315   \n",
       "C  0.004760 -0.045924 -0.018300 -0.015597  0.002113 -0.008608 -0.030990   \n",
       "D -0.028347 -0.063424 -0.027998 -0.024119  0.019431  0.042784  0.000437   \n",
       "E -0.013542 -0.069472  0.003538 -0.017167  0.005341  0.022590  0.028140   \n",
       "F  0.062872 -0.049227  0.048867  0.031535 -0.022359 -0.091973 -0.093019   \n",
       "G -0.020703 -0.013732 -0.032642 -0.026422 -0.004038  0.009435  0.004253   \n",
       "H -0.088851  0.076145 -0.035173 -0.000760  0.035390 -0.068209 -0.008865   \n",
       "I  0.277732 -0.038164  0.088611  0.055129 -0.059369 -0.039207 -0.062688   \n",
       "K -0.038164  0.273356 -0.017728 -0.008173 -0.033985 -0.048402 -0.033160   \n",
       "L  0.088611 -0.017728  0.162738  0.075053 -0.011167 -0.051024 -0.001340   \n",
       "M  0.055129 -0.008173  0.075053  0.156957  0.007538 -0.091648  0.001902   \n",
       "N -0.059369 -0.033985 -0.011167  0.007538  0.151487 -0.010608  0.041397   \n",
       "P -0.039207 -0.048402 -0.051024 -0.091648 -0.010608  0.354630  0.048150   \n",
       "Q -0.062688 -0.033160 -0.001340  0.001902  0.041397  0.048150  0.177175   \n",
       "R -0.110160  0.215165 -0.074935 -0.025702 -0.033833 -0.037714  0.007156   \n",
       "S -0.061808  0.004767 -0.058496 -0.029535  0.017082 -0.006872  0.035724   \n",
       "T -0.033923 -0.033132 -0.031312 -0.045482 -0.002952  0.019918  0.027468   \n",
       "V  0.091300 -0.040037  0.044968 -0.012031 -0.043681  0.022529 -0.032781   \n",
       "W  0.001385 -0.059852 -0.007546  0.021004  0.029641 -0.052507 -0.011897   \n",
       "Y -0.023060 -0.004648 -0.013722  0.012620 -0.002058 -0.089006 -0.048747   \n",
       "\n",
       "          R         S         T         V         W         Y  \n",
       "A -0.013643  0.038455  0.052038  0.081101 -0.125565 -0.074750  \n",
       "C -0.048256 -0.021797 -0.022732 -0.015428  0.041233  0.006006  \n",
       "D -0.059127 -0.010466  0.006561 -0.019356  0.004151 -0.019158  \n",
       "E -0.069740 -0.017236 -0.005483 -0.008063 -0.007920 -0.023119  \n",
       "F -0.062630 -0.086842 -0.077729 -0.015795  0.062596  0.085819  \n",
       "G -0.023228  0.030431  0.008619 -0.012722 -0.024654 -0.020509  \n",
       "H  0.109053  0.009382 -0.023412 -0.087019  0.012362  0.036588  \n",
       "I -0.110160 -0.061808 -0.033923  0.091300  0.001385 -0.023060  \n",
       "K  0.215165  0.004767 -0.033132 -0.040037 -0.059852 -0.004648  \n",
       "L -0.074935 -0.058496 -0.031312  0.044968 -0.007546 -0.013722  \n",
       "M -0.025702 -0.029535 -0.045482 -0.012031  0.021004  0.012620  \n",
       "N -0.033833  0.017082 -0.002952 -0.043681  0.029641 -0.002058  \n",
       "P -0.037714 -0.006872  0.019918  0.022529 -0.052507 -0.089006  \n",
       "Q  0.007156  0.035724  0.027468 -0.032781 -0.011897 -0.048747  \n",
       "R  0.389022  0.020429 -0.040867 -0.093499 -0.055763  0.008271  \n",
       "S  0.020429  0.161574  0.083926 -0.008162 -0.044433 -0.056124  \n",
       "T -0.040867  0.083926  0.142526  0.049324 -0.026493 -0.046862  \n",
       "V -0.093499 -0.008162  0.049324  0.172778 -0.028945 -0.044485  \n",
       "W -0.055763 -0.044433 -0.026493 -0.028945  0.194048  0.079154  \n",
       "Y  0.008271 -0.056124 -0.046862 -0.044485  0.079154  0.237788  "
      ]
     },
     "execution_count": 10,
     "metadata": {},
     "output_type": "execute_result"
    }
   ],
   "source": [
    "pd.read_csv(\"12859_2009_3124_MOESM2_ESM.mat\",sep='\\s+')\n",
    "# open(\"12859_2009_3124_MOESM2_ESM.mat\",'r').readlines()[:3][1].split(' ')"
   ]
  },
  {
   "cell_type": "code",
   "execution_count": null,
   "metadata": {
    "collapsed": true
   },
   "outputs": [],
   "source": []
  }
 ],
 "metadata": {
  "kernelspec": {
   "display_name": "Python 3",
   "language": "python",
   "name": "python3"
  },
  "language_info": {
   "codemirror_mode": {
    "name": "ipython",
    "version": 3
   },
   "file_extension": ".py",
   "mimetype": "text/x-python",
   "name": "python",
   "nbconvert_exporter": "python",
   "pygments_lexer": "ipython3",
   "version": "3.6.3"
  }
 },
 "nbformat": 4,
 "nbformat_minor": 2
}
